name: chrispolo
channels:
  - pytorch
  - conda-forge
  - defaults
dependencies:
  - _libgcc_mutex=0.1=main
  - backports=1.0=py_2
  - backports.weakref=1.0rc1=py36_1
  - blas=1.0=mkl
  - bleach=1.5.0=py36_0
  - ca-certificates=2020.7.22=0
  - cffi=1.14.2=py36he30daa8_0
  - cudatoolkit=10.2.89=hfd86e86_1
  - cycler=0.10.0=py_2
  - cython=0.29.21=py36h831f99a_0
  - freetype=2.10.2=h5ab3b9f_0
  - h5py=2.10.0=nompi_py36hecadee3_104
  - hdf5=1.10.6=hb1b8bf9_0
  - html5lib=0.9999999=py36_0
  - importlib-metadata=1.7.0=py36h9f0ad1d_0
  - intel-openmp=2020.2=254
  - jpeg=9b=h024ee3a_2
  - kiwisolver=1.2.0=py36hdb11119_0
  - lcms2=2.11=h396b838_0
  - ld_impl_linux-64=2.33.1=h53a641e_7
  - libedit=3.1.20191231=h14c3975_1
  - libffi=3.3=he6710b0_2
  - libgcc-ng=9.1.0=hdf63c60_0
  - libgfortran-ng=7.3.0=hdf63c60_0
  - libgpuarray=0.7.6=h14c3975_0
  - libopenblas=0.3.10=pthreads_hb3c22a3_4
  - libpng=1.6.37=hbc83047_0
  - libprotobuf=3.13.0=h8b12597_0
  - libstdcxx-ng=9.1.0=hdf63c60_0
  - libtiff=4.1.0=h2733197_1
  - lz4-c=1.9.2=he6710b0_1
  - mako=1.1.3=pyh9f0ad1d_0
  - markdown=3.2.2=py_0
  - markupsafe=1.1.1=py36h8c4c3a4_1
  - matplotlib-base=3.3.1=py36h817c723_0
  - mkl=2020.2=256
  - mkl-service=2.3.0=py36he904b0f_0
  - mkl_fft=1.1.0=py36h23d657b_0
  - mkl_random=1.1.1=py36h0573a6f_0
  - mock=4.0.2=py36h9f0ad1d_0
  - ncurses=6.2=he6710b0_1
  - ninja=1.10.0=py36hfd86e86_0
  - numpy=1.19.1=py36hbc911f0_0
  - numpy-base=1.19.1=py36hfa32c7d_0
  - olefile=0.46=py36_0
  - openssl=1.1.1g=h7b6447c_0
  - pillow=7.2.0=py36hb39fc2d_0
  - pip=20.2.2=py36_0
  - pycocotools=2.0.1=py36h8c4c3a4_1
  - pycparser=2.20=py_2
  - pygpu=0.7.6=py36h785e9b2_1001
  - pyparsing=2.4.7=pyh9f0ad1d_0
  - python=3.6.10=h7579374_2
  - python-dateutil=2.8.1=py_0
  - python_abi=3.6=1_cp36m
  - pytorch=1.6.0=py3.6_cuda10.2.89_cudnn7.6.5_0
  - pyyaml=5.3.1=py36h8c4c3a4_0
  - readline=8.0=h7b6447c_0
  - six=1.15.0=pyh9f0ad1d_0
  - sqlite=3.33.0=h62c20be_0
  - theano=1.0.3=py36hfc679d8_1
  - tk=8.6.10=hbc83047_0
  - toolchain=2.4.0=0
  - toolchain_c_linux-64=2.4.0=0
  - toolchain_cxx_linux-64=2.4.0=0
  - torchvision=0.7.0=py36_cu102
  - tornado=6.0.4=py36h7b6447c_1
  - webencodings=0.5.1=py_1
  - werkzeug=1.0.1=pyh9f0ad1d_0
  - xz=5.2.5=h7b6447c_0
  - yaml=0.2.5=h7b6447c_0
  - zipp=3.1.0=py_0
  - zlib=1.2.11=h7b6447c_3
  - zstd=1.4.5=h9ceee32_0
  - pip:
    - absl-py==0.9.0
    - astor==0.8.1
    - backcall==0.2.0
    - cachetools==4.1.1
    - certifi==2020.6.20
    - chardet==3.0.4
    - decorator==4.4.2
    - filelock==3.0.12
    - flake8==3.8.3
    - future==0.18.2
    - gast==0.3.3
    - gdown==3.12.0
    - google-auth==1.20.0
    - google-auth-oauthlib==0.4.1
    - google-pasta==0.2.0
    - grpcio==1.30.0
    - idna==2.10
    - imageio==2.9.0
    - ipython==7.16.1
    - ipython-genutils==0.2.0
    - isort==4.3.21
    - jedi==0.17.2
    - keras==2.0.8
    - keras-applications==1.0.8
    - keras-preprocessing==1.1.2
    - matplotlib==3.3.0
    - mccabe==0.6.1
    - networkx==2.4
    - oauthlib==3.1.0
    - opencv-python==4.3.0.36
    - pandas==1.1.0
    - parso==0.7.1
    - pexpect==4.8.0
    - pickleshare==0.7.5
    - prompt-toolkit==3.0.5
    - protobuf==3.12.2
    - ptyprocess==0.6.0
    - pyasn1==0.4.8
    - pyasn1-modules==0.2.8
    - pycodestyle==2.6.0
    - pyflakes==2.2.0
    - pygments==2.6.1
    - pysocks==1.7.1
    - pytz==2020.1
    - pywavelets==1.1.1
    - requests==2.24.0
    - requests-oauthlib==1.3.0
    - rsa==4.6
    - scikit-image==0.17.2
    - scipy==1.2.1
    - setuptools==49.6.0
    - tb-nightly==2.4.0a20200729
    - tensorboard==1.14.0
    - tensorboard-plugin-wit==1.7.0
    - tensorflow==1.14.0
    - tensorflow-estimator==1.14.0
    - termcolor==1.1.0
    - tifffile==2020.7.24
    - tqdm==4.48.0
    - traitlets==4.3.3
    - urllib3==1.25.10
    - wcwidth==0.2.5
    - wheel==0.35.1
    - wrapt==1.12.1
    - yacs==0.1.7
    - yapf==0.30.0
prefix: /home/redev/anaconda3/envs/chrispolo

